[soe][Equalizer#0#left]
band0Gain=9.740000000000002
band1Gain=5.399999999999999
band2Gain=2.3100000000000023
band3Gain=-2.460000000000001
band5Gain=-5.169999999999998

[soe][Equalizer#0#right]
band0Gain=9.740000000000002
band1Gain=5.399999999999999
band2Gain=2.3100000000000023
band3Gain=-2.460000000000001
band5Gain=-5.169999999999998

[soe][Equalizer#1]
bypass=true

[soe][Equalizer#1#left]
band0Gain=7.200000000000003
band1Gain=4.07
band2Gain=1.6400000000000006
band3Gain=3.6799999999999997
band4Gain=2.1700000000000017
band5Gain=1.8200000000000003
band6Gain=2.9100000000000037
band7Gain=2.5500000000000043
band8Gain=4.859999999999999
band9Gain=2.3299999999999983

[soe][Equalizer#1#right]
band0Gain=7.200000000000003
band1Gain=4.07
band2Gain=1.6400000000000006
band3Gain=3.6799999999999997
band4Gain=2.1700000000000017
band5Gain=1.8200000000000003
band6Gain=2.9100000000000037
band7Gain=2.5500000000000043
band8Gain=4.859999999999999
band9Gain=2.3299999999999983
